#Frame           DISS
       1            2
       2            2
       3            2
       4            2
       5            2
       6            2
       7            2
       8            2
       9            2
      10            2
      11            2
      12            2
      13            2
      14            2
      15            2
      16            2
      17            2
      18            2
      19            2
      20            2
      21            2
      22            2
      23            2
      24            2
      25            2
      26            2
      27            2
      28            2
      29            2
      30            2
      31            2
      32            2
      33            2
      34            2
      35            2
      36            2
      37            2
      38            2
      39            2
      40            2
      41            2
      42            2
      43            2
      44            2
      45            2
      46            2
      47            2
      48            2
      49            2
      50            2
      51            2
      52            2
      53            2
      54            2
      55            2
      56            2
      57            2
      58            2
      59            2
      60            2
      61            2
      62            2
      63            2
      64            2
      65            2
      66            2
      67            2
      68            2
      69            2
      70            2
      71            2
      72            3
      73            2
      74            2
      75            2
      76            2
      77            2
      78            2
      79            2
      80            2
      81            2
      82            2
      83            2
      84            2
      85            2
      86            3
      87            3
      88            3
      89            3
      90            3
      91            3
      92            3
      93            3
      94            3
      95            3
      96            3
      97            3
      98            3
      99            3
     100            3
     101            3
     102            3
     103            3
     104            3
     105            3
     106            3
     107            3
     108            3
     109            3
     110            3
     111            3
     112            3
     113            3
     114            3
     115            3
     116            3
     117            3
     118            3
     119            3
     120            3
     121            3
     122            3
     123            3
     124            3
     125            3
     126            3
     127            3
     128            3
     129            2
     130            2
     131            2
     132            2
     133            2
     134            2
     135            2
     136            2
     137            2
     138            2
     139            2
     140            2
     141            2
     142            2
     143            2
     144            2
     145            2
     146            2
     147            2
     148            2
     149            2
     150            2
     151            2
     152            2
     153            2
     154            2
     155            2
     156            2
     157            2
     158            2
     159            2
     160            2
     161            2
     162            2
     163            2
     164            2
     165            2
     166            2
     167            2
     168            2
     169            2
     170            2
     171            3
     172            3
     173            3
     174            3
     175            3
     176            3
     177            3
     178            3
     179            3
     180            3
     181            3
     182            3
     183            3
     184            3
     185            3
     186            3
     187            3
     188            1
     189            1
     190            1
     191            1
     192            0
     193            0
     194            1
     195            0
     196            0
     197            0
     198            1
     199            0
     200            0
     201            0
     202            0
     203            0
     204            0
     205            0
     206            0
     207            0
     208            0
     209            1
     210            0
     211            0
     212            0
     213            0
     214            0
     215            0
     216            0
     217            0
     218            0
     219            0
     220            0
     221            0
     222            0
     223            0
     224            0
     225            1
     226            0
     227            0
     228            0
     229            0
     230            0
     231            0
     232            0
     233            0
     234            0
     235            0
     236            0
     237            0
     238            0
     239            0
     240            0
     241            0
     242            0
     243            0
     244            1
     245            0
     246            0
     247            0
     248            0
     249            0
     250            0
     251            0
     252            0
     253            0
     254            0
     255            0
     256            0
     257            0
     258            0
     259            0
     260            0
     261            1
     262            1
     263            0
     264            1
     265            0
     266            0
     267            0
     268            0
     269            0
     270            0
     271            0
     272            0
     273            0
     274            0
     275            0
     276            0
     277            0
     278            0
     279            0
     280            0
     281            0
     282            0
     283            0
     284            0
     285            0
     286            0
     287            0
     288            0
     289            0
     290            0
     291            0
     292            0
     293            0
     294            0
     295            0
     296            0
     297            0
     298            0
     299            0
     300            0
     301            0
     302            0
     303            0
     304            0
     305            0
     306            0
     307            0
     308            0
     309            0
     310            0
     311            0
     312            0
     313            0
     314            0
     315            0
     316            0
     317            1
     318            1
     319            1
     320            0
     321            0
     322            0
     323            0
     324            0
     325            0
     326            0
     327            0
     328            0
     329            0
     330            0
     331            0
     332            0
     333            0
     334            0
     335            0
     336            0
     337            0
     338            0
     339            1
     340            0
     341            0
     342            0
     343            0
     344            0
     345            0
     346            0
     347            0
     348            0
     349            0
     350            0
     351            0
     352            0
     353            0
     354            0
     355            1
     356            0
     357            0
     358            0
     359            0
     360            0
     361            0
     362            0
     363            0
     364            0
     365            0
     366            0
     367            0
     368            0
     369            0
     370            0
     371            0
     372            0
     373            0
     374            0
     375            0
     376            0
     377            0
     378            0
     379            0
     380            1
     381            0
     382            0
     383            0
     384            0
     385            0
     386            0
     387            0
     388            0
     389            0
     390            0
     391            0
     392            0
     393            0
     394            0
     395            1
     396            0
     397            0
     398            0
     399            0
     400            0
     401            0
     402            0
     403            0
     404            0
     405            0
     406            0
     407            0
     408            0
     409            0
     410            0
     411            0
     412            0
     413            0
     414            0
     415            0
     416            0
     417            0
     418            0
     419            0
     420            0
     421            0
     422            0
     423            0
     424            0
     425            0
     426            0
     427            0
     428            0
     429            0
     430            0
     431            0
     432            0
     433            0
     434            0
     435            0
     436            0
     437            0
     438            0
     439            0
     440            0
     441            0
     442            0
     443            0
     444            0
     445            0
     446            0
     447            0
     448            0
     449            0
     450            0
     451            0
     452            0
     453            0
     454            0
     455            0
     456            0
     457            0
     458            0
     459            0
     460            0
     461            0
     462            0
     463            0
     464            0
     465            0
     466            0
     467            0
     468            0
     469            0
     470            0
     471            0
     472            0
     473            0
     474            0
     475            0
     476            0
     477            0
     478            1
     479            1
     480            1
     481            1
     482            1
     483            1
     484            0
     485            0
     486            0
     487            0
     488            0
     489            0
     490            0
     491            0
     492            0
     493            0
     494            0
     495            0
     496            0
     497            0
     498            0
     499            0
     500            0
     501            0
     502            0
     503            0
     504            0
     505            0
     506            0
     507            0
     508            0
     509            0
     510            0
     511            0
     512            0
     513            0
     514            0
     515            0
     516            0
     517            0
     518            0
     519            1
     520            0
     521            0
     522            0
     523            1
     524            1
     525            0
     526            0
     527            1
     528            1
     529            0
     530            0
     531            0
     532            0
     533            0
     534            0
     535            0
     536            0
     537            0
     538            0
     539            0
     540            1
     541            0
     542            0
     543            0
     544            0
     545            0
     546            0
     547            0
     548            1
     549            1
     550            1
     551            1
     552            1
     553            1
     554            1
     555            1
     556            1
     557            1
     558            1
     559            1
     560            1
     561            1
     562            1
     563            1
     564            1
     565            1
     566            1
     567            1
     568            1
     569            1
     570            1
     571            1
     572            1
     573            1
     574            1
     575            1
     576            1
     577            1
     578            1
     579            1
     580            1
     581            1
     582            1
     583            1
     584            1
     585            1
     586            1
     587            1
     588            1
     589            1
     590            1
     591            1
     592            1
     593            1
     594            1
     595            1
     596            1
     597            1
     598            1
     599            1
     600            1
     601            1
     602            1
     603            1
     604            1
     605            1
     606            1
     607            1
     608            1
     609            1
     610            1
     611            1
     612            1
     613            1
     614            1
     615            1
     616            1
     617            1
     618            1
     619            1
     620            1
     621            1
     622            1
     623            1
     624            1
     625            1
     626            1
     627            1
     628            0
     629            0
     630            0
     631            0
     632            0
     633            0
     634            0
     635            0
     636            0
     637            0
     638            0
     639            0
     640            0
     641            0
     642            0
     643            0
     644            1
     645            0
     646            1
     647            1
     648            1
     649            1
     650            1
     651            1
     652            1
     653            1
     654            1
     655            0
     656            0
     657            0
     658            0
     659            0
     660            1
     661            0
     662            0
     663            0
     664            1
     665            1
     666            1
     667            1
     668            1
     669            1
     670            1
     671            1
     672            1
     673            1
     674            1
     675            1
     676            1
     677            1
     678            1
     679            1
     680            1
     681            1
     682            1
     683            1
     684            1
     685            1
     686            1
     687            1
     688            1
     689            1
     690            1
     691            1
     692            1
     693            1
     694            1
     695            1
     696            1
     697            1
     698            1
     699            1
     700            1
     701            1
     702            1
     703            1
     704            1
     705            1
     706            1
     707            1
     708            1
     709            1
     710            0
     711            0
     712            0
     713            0
     714            0
     715            0
     716            0
     717            0
     718            0
     719            0
     720            0
     721            0
     722            0
     723            0
     724            0
     725            0
     726            0
     727            0
     728            0
     729            0
     730            0
     731            0
     732            0
     733            0
     734            0
     735            0
     736            0
     737            0
     738            0
     739            1
     740            0
     741            0
     742            0
     743            0
     744            0
     745            0
     746            0
     747            0
     748            0
     749            0
     750            0
     751            0
     752            0
     753            0
     754            0
     755            0
     756            0
     757            0
     758            0
     759            1
     760            0
     761            0
     762            0
     763            0
     764            0
     765            0
     766            0
     767            0
     768            0
     769            0
     770            0
     771            0
     772            0
     773            0
     774            0
     775            0
     776            0
     777            0
     778            0
     779            0
     780            0
     781            0
     782            0
     783            0
     784            0
     785            0
     786            0
     787            0
     788            0
     789            0
     790            0
     791            0
     792            0
     793            0
     794            0
     795            0
     796            0
     797            0
     798            0
     799            0
     800            0
     801            0
     802            1
     803            1
     804            1
     805            1
     806            1
     807            1
     808            1
     809            0
     810            1
     811            1
     812            1
     813            1
     814            1
     815            0
     816            0
     817            0
     818            0
     819            0
     820            1
     821            1
     822            1
     823            1
     824            1
     825            1
     826            1
     827            1
     828            1
     829            1
     830            1
     831            1
     832            1
     833            1
     834            1
     835            1
     836            1
     837            1
     838            1
     839            1
     840            1
     841            0
     842            0
     843            0
     844            0
     845            0
     846            0
     847            0
     848            0
     849            0
     850            0
     851            0
     852            0
     853            0
     854            0
     855            0
     856            0
     857            0
     858            1
     859            1
     860            1
     861            1
     862            1
     863            1
     864            1
     865            1
     866            1
     867            1
     868            1
     869            1
     870            1
     871            1
     872            1
     873            1
     874            1
     875            0
     876            0
     877            0
     878            0
     879            0
     880            0
     881            0
     882            0
     883            1
     884            0
     885            0
     886            0
     887            0
     888            0
     889            0
     890            0
     891            0
     892            0
     893            0
     894            0
     895            0
     896            0
     897            0
     898            0
     899            0
     900            0
     901            0
     902            0
     903            0
     904            0
     905            0
     906            0
     907            0
     908            0
     909            0
     910            0
     911            0
     912            0
     913            0
     914            0
     915            0
     916            0
     917            0
     918            0
     919            0
     920            0
     921            0
     922            0
     923            0
     924            0
     925            0
     926            0
     927            0
     928            0
     929            0
     930            0
     931            0
     932            0
     933            0
     934            0
     935            0
     936            0
     937            0
     938            0
     939            1
     940            1
     941            1
     942            1
     943            1
     944            1
     945            1
     946            1
     947            1
     948            1
     949            1
     950            1
     951            1
     952            1
     953            1
     954            1
     955            1
     956            1
     957            1
     958            1
     959            1
     960            1
     961            1
     962            1
     963            1
     964            1
     965            1
     966            1
     967            1
     968            1
     969            1
     970            1
     971            1
     972            1
     973            1
     974            1
     975            1
     976            1
     977            1
     978            1
     979            1
     980            1
     981            1
     982            1
     983            1
     984            1
     985            1
     986            1
     987            1
     988            1
     989            1
     990            1
     991            1
     992            1
     993            1
     994            1
     995            1
     996            1
     997            1
     998            1
     999            1
    1000            1
    1001            1
    1002            1
    1003            1
    1004            1
    1005            1
    1006            1
    1007            1
    1008            1
    1009            1
    1010            1
    1011            1
    1012            1
    1013            1
    1014            1
    1015            1
    1016            1
    1017            1
    1018            1
    1019            1
    1020            1
    1021            1
    1022            1
    1023            1
    1024            1
    1025            1
    1026            1
    1027            1
    1028            1
    1029            1
    1030            1
    1031            1
    1032            1
    1033            1
    1034            1
    1035            1
    1036            1
    1037            1
    1038            1
    1039            1
    1040            1
    1041            1
    1042            1
    1043            1
    1044            1
    1045            1
    1046            1
    1047            1
    1048            1
    1049            1
    1050            1
    1051            1
    1052            1
    1053            1
    1054            1
    1055            1
    1056            1
    1057            1
    1058            1
    1059            1
    1060            1
    1061            1
    1062            1
    1063            0
    1064            0
    1065            0
    1066            0
    1067            0
    1068            0
    1069            0
    1070            0
    1071            0
    1072            0
    1073            0
    1074            0
    1075            0
    1076            0
    1077            0
    1078            0
    1079            0
    1080            0
    1081            0
    1082            0
    1083            0
    1084            0
    1085            0
    1086            0
    1087            0
    1088            0
    1089            1
    1090            1
    1091            1
    1092            1
    1093            1
    1094            1
    1095            1
    1096            1
    1097            1
    1098            1
    1099            1
    1100            1
    1101            1
    1102            1
    1103            1
    1104            1
    1105            1
    1106            0
    1107            0
    1108            0
    1109            0
    1110            0
    1111            0
    1112            0
    1113            0
    1114            0
    1115            0
    1116            0
    1117            1
    1118            0
    1119            0
    1120            0
    1121            0
    1122            0
    1123            0
    1124            0
    1125            0
    1126            0
    1127            0
    1128            1
    1129            1
    1130            1
    1131            1
    1132            1
    1133            1
    1134            1
    1135            1
    1136            1
    1137            1
    1138            1
    1139            1
    1140            1
    1141            1
    1142            1
    1143            1
    1144            1
    1145            1
    1146            1
    1147            1
    1148            1
    1149            1
    1150            1
    1151            1
    1152            1
    1153            1
    1154            1
    1155            1
    1156            1
    1157            1
    1158            1
    1159            1
    1160            1
    1161            1
    1162            1
    1163            1
    1164            1
    1165            1
    1166            1
    1167            1
    1168            1
    1169            1
    1170            1
    1171            1
    1172            1
    1173            1
    1174            1
    1175            1
    1176            1
    1177            1
    1178            0
    1179            0
    1180            0
    1181            0
    1182            0
    1183            0
    1184            0
    1185            0
    1186            0
    1187            0
    1188            0
    1189            0
    1190            1
    1191            1
    1192            0
    1193            1
    1194            1
    1195            1
    1196            1
    1197            1
    1198            1
    1199            1
    1200            1
    1201            1
    1202            1
    1203            1
    1204            1
    1205            1
    1206            1
    1207            1
    1208            1
    1209            1
    1210            1
    1211            1
    1212            1
    1213            1
    1214            1
    1215            1
    1216            1
    1217            1
    1218            1
    1219            1
    1220            1
    1221            1
    1222            1
    1223            1
    1224            0
    1225            0
    1226            0
    1227            0
    1228            2
    1229            2
    1230            2
    1231            2
    1232            2
    1233            2
    1234            2
    1235            3
    1236            3
    1237            3
    1238            3
    1239            3
    1240            3
    1241            3
    1242            3
    1243            3
    1244            3
    1245            3
    1246            3
    1247            3
    1248            3
    1249            3
    1250            3
    1251            3
    1252            3
    1253            3
    1254            3
    1255            3
    1256            3
    1257            1
    1258            0
    1259            0
    1260            0
    1261            0
    1262            0
    1263            0
    1264            0
    1265            0
    1266            0
    1267            0
    1268            0
    1269            0
    1270            1
    1271            1
    1272            1
    1273            1
    1274            1
    1275            1
    1276            1
    1277            1
    1278            1
    1279            1
    1280            1
    1281            1
    1282            1
    1283            1
    1284            1
    1285            1
    1286            1
    1287            1
    1288            1
    1289            1
    1290            1
    1291            1
    1292            1
    1293            1
    1294            1
    1295            0
    1296            0
    1297            0
    1298            0
    1299            0
    1300            0
    1301            0
    1302            0
    1303            1
    1304            1
    1305            1
    1306            1
    1307            1
    1308            1
    1309            1
    1310            1
    1311            1
    1312            1
    1313            1
    1314            1
    1315            1
    1316            1
    1317            1
    1318            1
    1319            1
    1320            1
    1321            1
    1322            1
    1323            1
    1324            1
    1325            1
    1326            1
    1327            1
    1328            1
    1329            1
    1330            1
    1331            1
    1332            1
    1333            1
    1334            1
    1335            1
    1336            1
    1337            1
    1338            1
    1339            1
    1340            1
    1341            1
    1342            1
    1343            1
    1344            1
    1345            1
    1346            1
    1347            1
    1348            1
    1349            1
    1350            1
    1351            1
    1352            0
    1353            0
    1354            0
    1355            0
    1356            0
    1357            0
    1358            0
    1359            0
    1360            0
    1361            0
    1362            0
    1363            0
    1364            0
    1365            0
    1366            0
    1367            1
    1368            0
    1369            0
    1370            0
    1371            0
    1372            0
    1373            0
    1374            0
    1375            0
    1376            0
    1377            0
    1378            0
    1379            0
    1380            0
    1381            0
    1382            0
    1383            0
    1384            0
    1385            0
    1386            0
    1387            0
    1388            0
    1389            0
    1390            0
    1391            0
    1392            0
    1393            0
    1394            0
    1395            0
    1396            0
    1397            0
    1398            0
    1399            0
    1400            0
    1401            0
    1402            0
    1403            0
    1404            0
    1405            0
    1406            0
    1407            0
    1408            0
    1409            0
    1410            0
    1411            0
    1412            0
    1413            0
    1414            0
    1415            0
    1416            0
    1417            0
    1418            0
    1419            0
    1420            0
    1421            0
    1422            0
    1423            0
    1424            0
    1425            0
    1426            1
    1427            0
    1428            1
    1429            1
    1430            1
    1431            1
    1432            1
    1433            1
    1434            1
    1435            1
    1436            1
    1437            1
    1438            1
    1439            1
    1440            1
    1441            1
    1442            1
    1443            0
    1444            0
    1445            0
    1446            0
    1447            0
    1448            0
    1449            0
    1450            0
    1451            0
    1452            0
    1453            0
    1454            0
    1455            0
    1456            0
    1457            0
    1458            0
    1459            0
    1460            0
    1461            0
    1462            0
    1463            0
    1464            0
    1465            0
    1466            0
    1467            0
    1468            0
    1469            0
    1470            0
    1471            0
    1472            0
    1473            0
    1474            0
    1475            0
    1476            0
    1477            0
    1478            0
    1479            0
    1480            0
    1481            0
    1482            0
    1483            0
    1484            0
    1485            0
    1486            0
    1487            0
    1488            0
    1489            0
    1490            1
    1491            1
    1492            1
    1493            1
    1494            1
    1495            1
    1496            1
    1497            1
    1498            1
    1499            1
    1500            1
    1501            1
    1502            1
    1503            1
    1504            1
    1505            1
    1506            1
    1507            1
    1508            1
    1509            1
    1510            1
    1511            1
    1512            1
    1513            1
    1514            1
    1515            1
    1516            1
    1517            1
    1518            1
    1519            1
    1520            1
    1521            1
    1522            1
    1523            1
    1524            1
    1525            1
    1526            1
    1527            1
    1528            1
    1529            1
    1530            1
    1531            1
    1532            1
    1533            1
    1534            1
    1535            1
    1536            1
    1537            1
    1538            1
    1539            1
    1540            1
    1541            1
    1542            1
    1543            1
    1544            1
    1545            1
    1546            1
    1547            1
    1548            1
    1549            1
    1550            0
    1551            0
    1552            0
    1553            0
    1554            0
    1555            0
    1556            0
    1557            0
    1558            0
    1559            0
    1560            0
    1561            0
    1562            0
    1563            0
    1564            0
    1565            0
    1566            0
    1567            0
    1568            0
    1569            0
    1570            0
    1571            0
    1572            0
    1573            0
    1574            0
    1575            0
    1576            4
    1577            0
    1578            0
    1579            0
    1580            0
    1581            0
    1582            0
    1583            0
    1584            0
    1585            0
    1586            0
    1587            0
    1588            0
    1589            0
    1590            0
    1591            0
    1592            0
    1593            0
    1594            0
    1595            0
    1596            0
    1597            0
    1598            0
    1599            0
    1600            0
    1601            0
    1602            0
    1603            0
    1604            0
    1605            0
    1606            0
    1607            0
    1608            0
    1609            0
    1610            0
    1611            0
    1612            0
    1613            0
    1614            0
    1615            0
    1616            0
    1617            1
    1618            1
    1619            1
    1620            1
    1621            1
    1622            1
    1623            1
    1624            1
    1625            1
    1626            1
    1627            1
    1628            1
    1629            1
    1630            1
    1631            1
    1632            1
    1633            1
    1634            1
    1635            1
    1636            1
    1637            1
    1638            1
    1639            1
    1640            1
    1641            1
    1642            1
    1643            1
    1644            1
    1645            1
    1646            1
    1647            1
    1648            1
    1649            1
    1650            1
    1651            1
    1652            1
    1653            1
    1654            1
    1655            1
    1656            1
    1657            1
    1658            1
    1659            1
    1660            1
    1661            1
    1662            1
    1663            1
    1664            1
    1665            1
    1666            0
    1667            0
    1668            0
    1669            0
    1670            0
    1671            0
    1672            0
    1673            0
    1674            0
    1675            0
    1676            0
    1677            0
    1678            0
    1679            0
    1680            0
    1681            0
    1682            0
    1683            0
    1684            0
    1685            0
    1686            0
    1687            0
    1688            0
    1689            0
    1690            0
    1691            0
    1692            0
    1693            0
    1694            0
    1695            0
    1696            0
    1697            0
    1698            0
    1699            0
    1700            0
    1701            0
    1702            0
    1703            0
    1704            0
    1705            0
    1706            0
    1707            0
    1708            0
    1709            0
    1710            0
    1711            0
    1712            0
    1713            0
    1714            0
    1715            0
    1716            0
    1717            0
    1718            0
    1719            0
    1720            0
    1721            0
    1722            0
    1723            0
    1724            0
    1725            4
    1726            0
    1727            0
    1728            0
    1729            0
    1730            0
    1731            1
    1732            0
    1733            0
    1734            0
    1735            0
    1736            0
    1737            0
    1738            0
    1739            0
    1740            0
    1741            0
    1742            0
    1743            0
    1744            0
    1745            0
    1746            0
    1747            0
    1748            0
    1749            0
    1750            0
    1751            0
    1752            0
    1753            0
    1754            0
    1755            1
    1756            0
    1757            0
    1758            0
    1759            0
    1760            0
    1761            0
    1762            1
    1763            0
    1764            1
    1765            0
    1766            0
    1767            0
    1768            0
    1769            0
    1770            0
    1771            0
    1772            0
    1773            0
    1774            0
    1775            0
    1776            0
    1777            0
    1778            0
    1779            0
    1780            0
    1781            0
    1782            0
    1783            1
    1784            1
    1785            1
    1786            1
    1787            1
    1788            1
    1789            1
    1790            1
    1791            1
    1792            1
    1793            1
    1794            1
    1795            1
    1796            1
    1797            1
    1798            1
    1799            1
    1800            1
    1801            1
    1802            1
    1803            1
    1804            1
    1805            1
    1806            1
    1807            1
    1808            1
    1809            1
    1810            1
    1811            1
    1812            1
    1813            1
    1814            1
    1815            1
    1816            1
    1817            1
    1818            1
    1819            1
    1820            1
    1821            1
    1822            1
    1823            1
    1824            1
    1825            1
    1826            1
    1827            1
    1828            1
    1829            1
    1830            1
    1831            1
    1832            1
    1833            1
    1834            1
    1835            1
    1836            1
    1837            1
    1838            1
    1839            1
    1840            1
    1841            1
    1842            1
    1843            1
    1844            1
    1845            1
    1846            1
    1847            1
    1848            1
    1849            1
    1850            1
    1851            1
    1852            1
    1853            1
    1854            1
    1855            1
    1856            1
    1857            1
    1858            1
    1859            1
    1860            1
    1861            1
    1862            1
    1863            1
    1864            1
    1865            1
    1866            1
    1867            1
    1868            1
    1869            1
    1870            1
    1871            1
    1872            1
    1873            1
    1874            1
    1875            1
    1876            1
    1877            1
    1878            1
    1879            1
    1880            1
    1881            1
    1882            1
    1883            1
    1884            1
    1885            1
    1886            1
    1887            1
    1888            1
    1889            1
    1890            1
    1891            1
    1892            1
    1893            1
    1894            1
    1895            1
    1896            1
    1897            1
    1898            1
    1899            1
    1900            1
    1901            1
    1902            1
    1903            1
    1904            1
    1905            1
    1906            1
    1907            1
    1908            1
    1909            1
    1910            1
    1911            1
    1912            1
    1913            1
    1914            1
    1915            1
    1916            1
    1917            1
    1918            1
    1919            1
    1920            1
    1921            1
    1922            1
    1923            1
    1924            1
    1925            1
    1926            1
    1927            1
    1928            1
    1929            1
    1930            1
    1931            1
    1932            0
    1933            0
    1934            0
    1935            0
    1936            0
    1937            0
    1938            0
    1939            0
    1940            0
    1941            0
    1942            0
    1943            0
    1944            0
    1945            0
    1946            0
    1947            0
    1948            0
    1949            0
    1950            0
    1951            0
    1952            1
    1953            1
    1954            1
    1955            1
    1956            1
    1957            1
    1958            1
    1959            1
    1960            1
    1961            1
    1962            1
    1963            1
    1964            1
    1965            1
    1966            1
    1967            1
    1968            1
    1969            1
    1970            1
    1971            1
    1972            1
    1973            1
    1974            1
    1975            1
    1976            1
    1977            1
    1978            1
    1979            1
    1980            1
    1981            1
    1982            1
    1983            1
    1984            1
    1985            1
    1986            1
    1987            1
    1988            1
    1989            1
    1990            1
    1991            1
    1992            1
    1993            1
    1994            1
    1995            1
    1996            1
    1997            1
    1998            1
    1999            1
    2000            1
